     00 01 02 03 04 05 06 07 08 09 0A 0B 0C 0D 0E 0F
00 | 55 53 42 5f 54 45 53 54 20 20 20 08 00 00 00 00 
01 | 00 00 00 00 00 00 1a 7c 71 cb 00 00 00 00 00 00 
02 | 42 20 00 49 00 6e 00 66 00 6f 00 0f 00 72 72 00 
03 | 6d 00 61 00 74 00 69 00 6f 00 00 00 6e 00 00 00 
04 | 01 53 00 79 00 73 00 74 00 65 00 0f 00 72 6d 00 
05 | 20 00 56 00 6f 00 6c 00 75 00 00 00 6d 00 65 00 
06 | 53 59 53 54 45 4d 7e 31 20 20 20 16 00 12 0e b4 
07 | 71 53 71 53 00 00 0f b4 71 53 03 00 00 00 00 00 
08 | 50 49 43 54 55 52 45 20 4a 50 47 20 18 ad 32 b4 
09 | 71 53 71 53 00 00 73 48 4d 53 05 00 a9 d9 00 00 
10 | 41 65 00 78 00 63 00 65 00 6c 00 0f 00 72 2e 00 
11 | 78 00 6c 00 73 00 78 00 00 00 00 00 ff ff ff ff 
12 | 45 58 43 45 4c 7e 31 20 58 4c 53 20 00 bf 32 b4 
13 | 71 53 71 53 00 00 1d 7b 39 53 13 00 6b c0 06 00 
14 | 41 41 00 70 00 70 00 4c 00 69 00 0f 00 57 73 00 
15 | 74 00 2e 00 74 00 78 00 74 00 00 00 00 00 ff ff 
16 | 41 50 50 4c 49 53 54 20 54 58 54 20 00 03 33 b4 
17 | 71 53 71 53 00 00 b4 56 d9 52 80 00 98 65 01 00 
18 | 00 00 00 00 00 00 00 00 00 00 00 00 00 00 00 00 
19 | 00 00 00 00 00 00 00 00 00 00 00 00 00 00 00 00 
20 | 00 00 00 00 00 00 00 00 00 00 00 00 00 00 00 00 
21 | 00 00 00 00 00 00 00 00 00 00 00 00 00 00 00 00 
22 | 00 00 00 00 00 00 00 00 00 00 00 00 00 00 00 00 
23 | 00 00 00 00 00 00 00 00 00 00 00 00 00 00 00 00 
24 | 00 00 00 00 00 00 00 00 00 00 00 00 00 00 00 00 
25 | 00 00 00 00 00 00 00 00 00 00 00 00 00 00 00 00 
26 | 00 00 00 00 00 00 00 00 00 00 00 00 00 00 00 00 
27 | 00 00 00 00 00 00 00 00 00 00 00 00 00 00 00 00 
28 | 00 00 00 00 00 00 00 00 00 00 00 00 00 00 00 00 
29 | 00 00 00 00 00 00 00 00 00 00 00 00 00 00 00 00 
30 | 00 00 00 00 00 00 00 00 00 00 00 00 00 00 00 00 
31 | 00 00 00 00 00 00 00 00 00 00 00 00 00 00 00 00 
32 | 00 00 00 00 00 00 00 00 00 00 00 00 00 00 00 00 
33 | 00 00 00 00 00 00 00 00 00 00 00 00 00 00 00 00 
34 | 00 00 00 00 00 00 00 00 00 00 00 00 00 00 00 00 
35 | 00 00 00 00 00 00 00 00 00 00 00 00 00 00 00 00 
36 | 00 00 00 00 00 00 00 00 00 00 00 00 00 00 00 00 
37 | 00 00 00 00 00 00 00 00 00 00 00 00 00 00 00 00 
38 | 00 00 00 00 00 00 00 00 00 00 00 00 00 00 00 00 
39 | 00 00 00 00 00 00 00 00 00 00 00 00 00 00 00 00 
40 | 00 00 00 00 00 00 00 00 00 00 00 00 00 00 00 00 
41 | 00 00 00 00 00 00 00 00 00 00 00 00 00 00 00 00 
42 | 00 00 00 00 00 00 00 00 00 00 00 00 00 00 00 00 
43 | 00 00 00 00 00 00 00 00 00 00 00 00 00 00 00 00 
44 | 00 00 00 00 00 00 00 00 00 00 00 00 00 00 00 00 
45 | 00 00 00 00 00 00 00 00 00 00 00 00 00 00 00 00 
46 | 00 00 00 00 00 00 00 00 00 00 00 00 00 00 00 00 
47 | 00 00 00 00 00 00 00 00 00 00 00 00 00 00 00 00 
48 | 00 00 00 00 00 00 00 00 00 00 00 00 00 00 00 00 
49 | 00 00 00 00 00 00 00 00 00 00 00 00 00 00 00 00 
50 | 00 00 00 00 00 00 00 00 00 00 00 00 00 00 00 00 
51 | 00 00 00 00 00 00 00 00 00 00 00 00 00 00 00 00 
52 | 00 00 00 00 00 00 00 00 00 00 00 00 00 00 00 00 
53 | 00 00 00 00 00 00 00 00 00 00 00 00 00 00 00 00 
54 | 00 00 00 00 00 00 00 00 00 00 00 00 00 00 00 00 
55 | 00 00 00 00 00 00 00 00 00 00 00 00 00 00 00 00 
56 | 00 00 00 00 00 00 00 00 00 00 00 00 00 00 00 00 
57 | 00 00 00 00 00 00 00 00 00 00 00 00 00 00 00 00 
58 | 00 00 00 00 00 00 00 00 00 00 00 00 00 00 00 00 
59 | 00 00 00 00 00 00 00 00 00 00 00 00 00 00 00 00 
60 | 00 00 00 00 00 00 00 00 00 00 00 00 00 00 00 00 
61 | 00 00 00 00 00 00 00 00 00 00 00 00 00 00 00 00 
62 | 00 00 00 00 00 00 00 00 00 00 00 00 00 00 00 00 
63 | 00 00 00 00 00 00 00 00 00 00 00 00 00 00 00 00 
64 | 00 00 00 00 00 00 00 00 00 00 00 00 00 00 00 00 
65 | 00 00 00 00 00 00 00 00 00 00 00 00 00 00 00 00 
66 | 00 00 00 00 00 00 00 00 00 00 00 00 00 00 00 00 
67 | 00 00 00 00 00 00 00 00 00 00 00 00 00 00 00 00 
68 | 00 00 00 00 00 00 00 00 00 00 00 00 00 00 00 00 
69 | 00 00 00 00 00 00 00 00 00 00 00 00 00 00 00 00 
70 | 00 00 00 00 00 00 00 00 00 00 00 00 00 00 00 00 
71 | 00 00 00 00 00 00 00 00 00 00 00 00 00 00 00 00 
72 | 00 00 00 00 00 00 00 00 00 00 00 00 00 00 00 00 
73 | 00 00 00 00 00 00 00 00 00 00 00 00 00 00 00 00 
74 | 00 00 00 00 00 00 00 00 00 00 00 00 00 00 00 00 
75 | 00 00 00 00 00 00 00 00 00 00 00 00 00 00 00 00 
76 | 00 00 00 00 00 00 00 00 00 00 00 00 00 00 00 00 
77 | 00 00 00 00 00 00 00 00 00 00 00 00 00 00 00 00 
78 | 00 00 00 00 00 00 00 00 00 00 00 00 00 00 00 00 
79 | 00 00 00 00 00 00 00 00 00 00 00 00 00 00 00 00 
80 | 00 00 00 00 00 00 00 00 00 00 00 00 00 00 00 00 
81 | 00 00 00 00 00 00 00 00 00 00 00 00 00 00 00 00 
82 | 00 00 00 00 00 00 00 00 00 00 00 00 00 00 00 00 
83 | 00 00 00 00 00 00 00 00 00 00 00 00 00 00 00 00 
84 | 00 00 00 00 00 00 00 00 00 00 00 00 00 00 00 00 
85 | 00 00 00 00 00 00 00 00 00 00 00 00 00 00 00 00 
86 | 00 00 00 00 00 00 00 00 00 00 00 00 00 00 00 00 
87 | 00 00 00 00 00 00 00 00 00 00 00 00 00 00 00 00 
88 | 00 00 00 00 00 00 00 00 00 00 00 00 00 00 00 00 
89 | 00 00 00 00 00 00 00 00 00 00 00 00 00 00 00 00 
90 | 00 00 00 00 00 00 00 00 00 00 00 00 00 00 00 00 
91 | 00 00 00 00 00 00 00 00 00 00 00 00 00 00 00 00 
92 | 00 00 00 00 00 00 00 00 00 00 00 00 00 00 00 00 
93 | 00 00 00 00 00 00 00 00 00 00 00 00 00 00 00 00 
94 | 00 00 00 00 00 00 00 00 00 00 00 00 00 00 00 00 
95 | 00 00 00 00 00 00 00 00 00 00 00 00 00 00 00 00 
96 | 00 00 00 00 00 00 00 00 00 00 00 00 00 00 00 00 
97 | 00 00 00 00 00 00 00 00 00 00 00 00 00 00 00 00 
98 | 00 00 00 00 00 00 00 00 00 00 00 00 00 00 00 00 
99 | 00 00 00 00 00 00 00 00 00 00 00 00 00 00 00 00 
100 | 00 00 00 00 00 00 00 00 00 00 00 00 00 00 00 00 
101 | 00 00 00 00 00 00 00 00 00 00 00 00 00 00 00 00 
102 | 00 00 00 00 00 00 00 00 00 00 00 00 00 00 00 00 
103 | 00 00 00 00 00 00 00 00 00 00 00 00 00 00 00 00 
104 | 00 00 00 00 00 00 00 00 00 00 00 00 00 00 00 00 
105 | 00 00 00 00 00 00 00 00 00 00 00 00 00 00 00 00 
106 | 00 00 00 00 00 00 00 00 00 00 00 00 00 00 00 00 
107 | 00 00 00 00 00 00 00 00 00 00 00 00 00 00 00 00 
108 | 00 00 00 00 00 00 00 00 00 00 00 00 00 00 00 00 
109 | 00 00 00 00 00 00 00 00 00 00 00 00 00 00 00 00 
110 | 00 00 00 00 00 00 00 00 00 00 00 00 00 00 00 00 
111 | 00 00 00 00 00 00 00 00 00 00 00 00 00 00 00 00 
112 | 00 00 00 00 00 00 00 00 00 00 00 00 00 00 00 00 
113 | 00 00 00 00 00 00 00 00 00 00 00 00 00 00 00 00 
114 | 00 00 00 00 00 00 00 00 00 00 00 00 00 00 00 00 
115 | 00 00 00 00 00 00 00 00 00 00 00 00 00 00 00 00 
116 | 00 00 00 00 00 00 00 00 00 00 00 00 00 00 00 00 
117 | 00 00 00 00 00 00 00 00 00 00 00 00 00 00 00 00 
118 | 00 00 00 00 00 00 00 00 00 00 00 00 00 00 00 00 
119 | 00 00 00 00 00 00 00 00 00 00 00 00 00 00 00 00 
120 | 00 00 00 00 00 00 00 00 00 00 00 00 00 00 00 00 
121 | 00 00 00 00 00 00 00 00 00 00 00 00 00 00 00 00 
122 | 00 00 00 00 00 00 00 00 00 00 00 00 00 00 00 00 
123 | 00 00 00 00 00 00 00 00 00 00 00 00 00 00 00 00 
124 | 00 00 00 00 00 00 00 00 00 00 00 00 00 00 00 00 
125 | 00 00 00 00 00 00 00 00 00 00 00 00 00 00 00 00 
126 | 00 00 00 00 00 00 00 00 00 00 00 00 00 00 00 00 
127 | 00 00 00 00 00 00 00 00 00 00 00 00 00 00 00 00 
128 | 00 00 00 00 00 00 00 00 00 00 00 00 00 00 00 00 
129 | 00 00 00 00 00 00 00 00 00 00 00 00 00 00 00 00 
130 | 00 00 00 00 00 00 00 00 00 00 00 00 00 00 00 00 
131 | 00 00 00 00 00 00 00 00 00 00 00 00 00 00 00 00 
132 | 00 00 00 00 00 00 00 00 00 00 00 00 00 00 00 00 
133 | 00 00 00 00 00 00 00 00 00 00 00 00 00 00 00 00 
134 | 00 00 00 00 00 00 00 00 00 00 00 00 00 00 00 00 
135 | 00 00 00 00 00 00 00 00 00 00 00 00 00 00 00 00 
136 | 00 00 00 00 00 00 00 00 00 00 00 00 00 00 00 00 
137 | 00 00 00 00 00 00 00 00 00 00 00 00 00 00 00 00 
138 | 00 00 00 00 00 00 00 00 00 00 00 00 00 00 00 00 
139 | 00 00 00 00 00 00 00 00 00 00 00 00 00 00 00 00 
140 | 00 00 00 00 00 00 00 00 00 00 00 00 00 00 00 00 
141 | 00 00 00 00 00 00 00 00 00 00 00 00 00 00 00 00 
142 | 00 00 00 00 00 00 00 00 00 00 00 00 00 00 00 00 
143 | 00 00 00 00 00 00 00 00 00 00 00 00 00 00 00 00 
144 | 00 00 00 00 00 00 00 00 00 00 00 00 00 00 00 00 
145 | 00 00 00 00 00 00 00 00 00 00 00 00 00 00 00 00 
146 | 00 00 00 00 00 00 00 00 00 00 00 00 00 00 00 00 
147 | 00 00 00 00 00 00 00 00 00 00 00 00 00 00 00 00 
148 | 00 00 00 00 00 00 00 00 00 00 00 00 00 00 00 00 
149 | 00 00 00 00 00 00 00 00 00 00 00 00 00 00 00 00 
150 | 00 00 00 00 00 00 00 00 00 00 00 00 00 00 00 00 
151 | 00 00 00 00 00 00 00 00 00 00 00 00 00 00 00 00 
152 | 00 00 00 00 00 00 00 00 00 00 00 00 00 00 00 00 
153 | 00 00 00 00 00 00 00 00 00 00 00 00 00 00 00 00 
154 | 00 00 00 00 00 00 00 00 00 00 00 00 00 00 00 00 
155 | 00 00 00 00 00 00 00 00 00 00 00 00 00 00 00 00 
156 | 00 00 00 00 00 00 00 00 00 00 00 00 00 00 00 00 
157 | 00 00 00 00 00 00 00 00 00 00 00 00 00 00 00 00 
158 | 00 00 00 00 00 00 00 00 00 00 00 00 00 00 00 00 
159 | 00 00 00 00 00 00 00 00 00 00 00 00 00 00 00 00 
160 | 00 00 00 00 00 00 00 00 00 00 00 00 00 00 00 00 
161 | 00 00 00 00 00 00 00 00 00 00 00 00 00 00 00 00 
162 | 00 00 00 00 00 00 00 00 00 00 00 00 00 00 00 00 
163 | 00 00 00 00 00 00 00 00 00 00 00 00 00 00 00 00 
164 | 00 00 00 00 00 00 00 00 00 00 00 00 00 00 00 00 
165 | 00 00 00 00 00 00 00 00 00 00 00 00 00 00 00 00 
166 | 00 00 00 00 00 00 00 00 00 00 00 00 00 00 00 00 
167 | 00 00 00 00 00 00 00 00 00 00 00 00 00 00 00 00 
168 | 00 00 00 00 00 00 00 00 00 00 00 00 00 00 00 00 
169 | 00 00 00 00 00 00 00 00 00 00 00 00 00 00 00 00 
170 | 00 00 00 00 00 00 00 00 00 00 00 00 00 00 00 00 
171 | 00 00 00 00 00 00 00 00 00 00 00 00 00 00 00 00 
172 | 00 00 00 00 00 00 00 00 00 00 00 00 00 00 00 00 
173 | 00 00 00 00 00 00 00 00 00 00 00 00 00 00 00 00 
174 | 00 00 00 00 00 00 00 00 00 00 00 00 00 00 00 00 
175 | 00 00 00 00 00 00 00 00 00 00 00 00 00 00 00 00 
176 | 00 00 00 00 00 00 00 00 00 00 00 00 00 00 00 00 
177 | 00 00 00 00 00 00 00 00 00 00 00 00 00 00 00 00 
178 | 00 00 00 00 00 00 00 00 00 00 00 00 00 00 00 00 
179 | 00 00 00 00 00 00 00 00 00 00 00 00 00 00 00 00 
180 | 00 00 00 00 00 00 00 00 00 00 00 00 00 00 00 00 
181 | 00 00 00 00 00 00 00 00 00 00 00 00 00 00 00 00 
182 | 00 00 00 00 00 00 00 00 00 00 00 00 00 00 00 00 
183 | 00 00 00 00 00 00 00 00 00 00 00 00 00 00 00 00 
184 | 00 00 00 00 00 00 00 00 00 00 00 00 00 00 00 00 
185 | 00 00 00 00 00 00 00 00 00 00 00 00 00 00 00 00 
186 | 00 00 00 00 00 00 00 00 00 00 00 00 00 00 00 00 
187 | 00 00 00 00 00 00 00 00 00 00 00 00 00 00 00 00 
188 | 00 00 00 00 00 00 00 00 00 00 00 00 00 00 00 00 
189 | 00 00 00 00 00 00 00 00 00 00 00 00 00 00 00 00 
190 | 00 00 00 00 00 00 00 00 00 00 00 00 00 00 00 00 
191 | 00 00 00 00 00 00 00 00 00 00 00 00 00 00 00 00 
192 | 00 00 00 00 00 00 00 00 00 00 00 00 00 00 00 00 
193 | 00 00 00 00 00 00 00 00 00 00 00 00 00 00 00 00 
194 | 00 00 00 00 00 00 00 00 00 00 00 00 00 00 00 00 
195 | 00 00 00 00 00 00 00 00 00 00 00 00 00 00 00 00 
196 | 00 00 00 00 00 00 00 00 00 00 00 00 00 00 00 00 
197 | 00 00 00 00 00 00 00 00 00 00 00 00 00 00 00 00 
198 | 00 00 00 00 00 00 00 00 00 00 00 00 00 00 00 00 
199 | 00 00 00 00 00 00 00 00 00 00 00 00 00 00 00 00 
200 | 00 00 00 00 00 00 00 00 00 00 00 00 00 00 00 00 
201 | 00 00 00 00 00 00 00 00 00 00 00 00 00 00 00 00 
202 | 00 00 00 00 00 00 00 00 00 00 00 00 00 00 00 00 
203 | 00 00 00 00 00 00 00 00 00 00 00 00 00 00 00 00 
204 | 00 00 00 00 00 00 00 00 00 00 00 00 00 00 00 00 
205 | 00 00 00 00 00 00 00 00 00 00 00 00 00 00 00 00 
206 | 00 00 00 00 00 00 00 00 00 00 00 00 00 00 00 00 
207 | 00 00 00 00 00 00 00 00 00 00 00 00 00 00 00 00 
208 | 00 00 00 00 00 00 00 00 00 00 00 00 00 00 00 00 
209 | 00 00 00 00 00 00 00 00 00 00 00 00 00 00 00 00 
210 | 00 00 00 00 00 00 00 00 00 00 00 00 00 00 00 00 
211 | 00 00 00 00 00 00 00 00 00 00 00 00 00 00 00 00 
212 | 00 00 00 00 00 00 00 00 00 00 00 00 00 00 00 00 
213 | 00 00 00 00 00 00 00 00 00 00 00 00 00 00 00 00 
214 | 00 00 00 00 00 00 00 00 00 00 00 00 00 00 00 00 
215 | 00 00 00 00 00 00 00 00 00 00 00 00 00 00 00 00 
216 | 00 00 00 00 00 00 00 00 00 00 00 00 00 00 00 00 
217 | 00 00 00 00 00 00 00 00 00 00 00 00 00 00 00 00 
218 | 00 00 00 00 00 00 00 00 00 00 00 00 00 00 00 00 
219 | 00 00 00 00 00 00 00 00 00 00 00 00 00 00 00 00 
220 | 00 00 00 00 00 00 00 00 00 00 00 00 00 00 00 00 
221 | 00 00 00 00 00 00 00 00 00 00 00 00 00 00 00 00 
222 | 00 00 00 00 00 00 00 00 00 00 00 00 00 00 00 00 
223 | 00 00 00 00 00 00 00 00 00 00 00 00 00 00 00 00 
224 | 00 00 00 00 00 00 00 00 00 00 00 00 00 00 00 00 
225 | 00 00 00 00 00 00 00 00 00 00 00 00 00 00 00 00 
226 | 00 00 00 00 00 00 00 00 00 00 00 00 00 00 00 00 
227 | 00 00 00 00 00 00 00 00 00 00 00 00 00 00 00 00 
228 | 00 00 00 00 00 00 00 00 00 00 00 00 00 00 00 00 
229 | 00 00 00 00 00 00 00 00 00 00 00 00 00 00 00 00 
230 | 00 00 00 00 00 00 00 00 00 00 00 00 00 00 00 00 
231 | 00 00 00 00 00 00 00 00 00 00 00 00 00 00 00 00 
232 | 00 00 00 00 00 00 00 00 00 00 00 00 00 00 00 00 
233 | 00 00 00 00 00 00 00 00 00 00 00 00 00 00 00 00 
234 | 00 00 00 00 00 00 00 00 00 00 00 00 00 00 00 00 
235 | 00 00 00 00 00 00 00 00 00 00 00 00 00 00 00 00 
236 | 00 00 00 00 00 00 00 00 00 00 00 00 00 00 00 00 
237 | 00 00 00 00 00 00 00 00 00 00 00 00 00 00 00 00 
238 | 00 00 00 00 00 00 00 00 00 00 00 00 00 00 00 00 
239 | 00 00 00 00 00 00 00 00 00 00 00 00 00 00 00 00 
240 | 00 00 00 00 00 00 00 00 00 00 00 00 00 00 00 00 
241 | 00 00 00 00 00 00 00 00 00 00 00 00 00 00 00 00 
242 | 00 00 00 00 00 00 00 00 00 00 00 00 00 00 00 00 
243 | 00 00 00 00 00 00 00 00 00 00 00 00 00 00 00 00 
244 | 00 00 00 00 00 00 00 00 00 00 00 00 00 00 00 00 
245 | 00 00 00 00 00 00 00 00 00 00 00 00 00 00 00 00 
246 | 00 00 00 00 00 00 00 00 00 00 00 00 00 00 00 00 
247 | 00 00 00 00 00 00 00 00 00 00 00 00 00 00 00 00 
248 | 00 00 00 00 00 00 00 00 00 00 00 00 00 00 00 00 
249 | 00 00 00 00 00 00 00 00 00 00 00 00 00 00 00 00 
250 | 00 00 00 00 00 00 00 00 00 00 00 00 00 00 00 00 
251 | 00 00 00 00 00 00 00 00 00 00 00 00 00 00 00 00 
252 | 00 00 00 00 00 00 00 00 00 00 00 00 00 00 00 00 
253 | 00 00 00 00 00 00 00 00 00 00 00 00 00 00 00 00 
254 | 00 00 00 00 00 00 00 00 00 00 00 00 00 00 00 00 
255 | 00 00 00 00 00 00 00 00 00 00 00 00 00 00 00 00 
256 | 2e 20 20 20 20 20 20 20 20 20 20 10 00 12 0e b4 
257 | 71 53 71 53 00 00 0f b4 71 53 03 00 00 00 00 00 
258 | 2e 2e 20 20 20 20 20 20 20 20 20 10 00 12 0e b4 
259 | 71 53 71 53 00 00 0f b4 71 53 00 00 00 00 00 00 
260 | 42 47 00 75 00 69 00 64 00 00 00 0f 00 ff ff ff 
261 | ff ff ff ff ff ff ff ff ff ff 00 00 ff ff ff ff 
262 | 01 49 00 6e 00 64 00 65 00 78 00 0f 00 ff 65 00 
263 | 72 00 56 00 6f 00 6c 00 75 00 00 00 6d 00 65 00 
264 | 49 4e 44 45 58 45 7e 31 20 20 20 20 00 15 0e b4 
265 | 71 53 71 53 00 00 0f b4 71 53 04 00 4c 00 00 00 
266 | 00 00 00 00 00 00 00 00 00 00 00 00 00 00 00 00 
267 | 00 00 00 00 00 00 00 00 00 00 00 00 00 00 00 00 
268 | 00 00 00 00 00 00 00 00 00 00 00 00 00 00 00 00 
269 | 00 00 00 00 00 00 00 00 00 00 00 00 00 00 00 00 
270 | 00 00 00 00 00 00 00 00 00 00 00 00 00 00 00 00 
271 | 00 00 00 00 00 00 00 00 00 00 00 00 00 00 00 00 
272 | 00 00 00 00 00 00 00 00 00 00 00 00 00 00 00 00 
273 | 00 00 00 00 00 00 00 00 00 00 00 00 00 00 00 00 
274 | 00 00 00 00 00 00 00 00 00 00 00 00 00 00 00 00 
275 | 00 00 00 00 00 00 00 00 00 00 00 00 00 00 00 00 
276 | 00 00 00 00 00 00 00 00 00 00 00 00 00 00 00 00 
277 | 00 00 00 00 00 00 00 00 00 00 00 00 00 00 00 00 
278 | 00 00 00 00 00 00 00 00 00 00 00 00 00 00 00 00 
279 | 00 00 00 00 00 00 00 00 00 00 00 00 00 00 00 00 
280 | 00 00 00 00 00 00 00 00 00 00 00 00 00 00 00 00 
281 | 00 00 00 00 00 00 00 00 00 00 00 00 00 00 00 00 
282 | 00 00 00 00 00 00 00 00 00 00 00 00 00 00 00 00 
283 | 00 00 00 00 00 00 00 00 00 00 00 00 00 00 00 00 
284 | 00 00 00 00 00 00 00 00 00 00 00 00 00 00 00 00 
285 | 00 00 00 00 00 00 00 00 00 00 00 00 00 00 00 00 
286 | 00 00 00 00 00 00 00 00 00 00 00 00 00 00 00 00 
287 | 00 00 00 00 00 00 00 00 00 00 00 00 00 00 00 00 
288 | 00 00 00 00 00 00 00 00 00 00 00 00 00 00 00 00 
289 | 00 00 00 00 00 00 00 00 00 00 00 00 00 00 00 00 
290 | 00 00 00 00 00 00 00 00 00 00 00 00 00 00 00 00 
291 | 00 00 00 00 00 00 00 00 00 00 00 00 00 00 00 00 
292 | 00 00 00 00 00 00 00 00 00 00 00 00 00 00 00 00 
293 | 00 00 00 00 00 00 00 00 00 00 00 00 00 00 00 00 
294 | 00 00 00 00 00 00 00 00 00 00 00 00 00 00 00 00 
295 | 00 00 00 00 00 00 00 00 00 00 00 00 00 00 00 00 
296 | 00 00 00 00 00 00 00 00 00 00 00 00 00 00 00 00 
297 | 00 00 00 00 00 00 00 00 00 00 00 00 00 00 00 00 
298 | 00 00 00 00 00 00 00 00 00 00 00 00 00 00 00 00 
299 | 00 00 00 00 00 00 00 00 00 00 00 00 00 00 00 00 
300 | 00 00 00 00 00 00 00 00 00 00 00 00 00 00 00 00 
301 | 00 00 00 00 00 00 00 00 00 00 00 00 00 00 00 00 
302 | 00 00 00 00 00 00 00 00 00 00 00 00 00 00 00 00 
303 | 00 00 00 00 00 00 00 00 00 00 00 00 00 00 00 00 
304 | 00 00 00 00 00 00 00 00 00 00 00 00 00 00 00 00 
305 | 00 00 00 00 00 00 00 00 00 00 00 00 00 00 00 00 
306 | 00 00 00 00 00 00 00 00 00 00 00 00 00 00 00 00 
307 | 00 00 00 00 00 00 00 00 00 00 00 00 00 00 00 00 
308 | 00 00 00 00 00 00 00 00 00 00 00 00 00 00 00 00 
309 | 00 00 00 00 00 00 00 00 00 00 00 00 00 00 00 00 
310 | 00 00 00 00 00 00 00 00 00 00 00 00 00 00 00 00 
311 | 00 00 00 00 00 00 00 00 00 00 00 00 00 00 00 00 
312 | 00 00 00 00 00 00 00 00 00 00 00 00 00 00 00 00 
313 | 00 00 00 00 00 00 00 00 00 00 00 00 00 00 00 00 
314 | 00 00 00 00 00 00 00 00 00 00 00 00 00 00 00 00 
315 | 00 00 00 00 00 00 00 00 00 00 00 00 00 00 00 00 
316 | 00 00 00 00 00 00 00 00 00 00 00 00 00 00 00 00 
317 | 00 00 00 00 00 00 00 00 00 00 00 00 00 00 00 00 
318 | 00 00 00 00 00 00 00 00 00 00 00 00 00 00 00 00 
319 | 00 00 00 00 00 00 00 00 00 00 00 00 00 00 00 00 
320 | 00 00 00 00 00 00 00 00 00 00 00 00 00 00 00 00 
321 | 00 00 00 00 00 00 00 00 00 00 00 00 00 00 00 00 
322 | 00 00 00 00 00 00 00 00 00 00 00 00 00 00 00 00 
323 | 00 00 00 00 00 00 00 00 00 00 00 00 00 00 00 00 
324 | 00 00 00 00 00 00 00 00 00 00 00 00 00 00 00 00 
325 | 00 00 00 00 00 00 00 00 00 00 00 00 00 00 00 00 
326 | 00 00 00 00 00 00 00 00 00 00 00 00 00 00 00 00 
327 | 00 00 00 00 00 00 00 00 00 00 00 00 00 00 00 00 
328 | 00 00 00 00 00 00 00 00 00 00 00 00 00 00 00 00 
329 | 00 00 00 00 00 00 00 00 00 00 00 00 00 00 00 00 
330 | 00 00 00 00 00 00 00 00 00 00 00 00 00 00 00 00 
331 | 00 00 00 00 00 00 00 00 00 00 00 00 00 00 00 00 
332 | 00 00 00 00 00 00 00 00 00 00 00 00 00 00 00 00 
333 | 00 00 00 00 00 00 00 00 00 00 00 00 00 00 00 00 
334 | 00 00 00 00 00 00 00 00 00 00 00 00 00 00 00 00 
335 | 00 00 00 00 00 00 00 00 00 00 00 00 00 00 00 00 
336 | 00 00 00 00 00 00 00 00 00 00 00 00 00 00 00 00 
337 | 00 00 00 00 00 00 00 00 00 00 00 00 00 00 00 00 
338 | 00 00 00 00 00 00 00 00 00 00 00 00 00 00 00 00 
339 | 00 00 00 00 00 00 00 00 00 00 00 00 00 00 00 00 
340 | 00 00 00 00 00 00 00 00 00 00 00 00 00 00 00 00 
341 | 00 00 00 00 00 00 00 00 00 00 00 00 00 00 00 00 
342 | 00 00 00 00 00 00 00 00 00 00 00 00 00 00 00 00 
343 | 00 00 00 00 00 00 00 00 00 00 00 00 00 00 00 00 
344 | 00 00 00 00 00 00 00 00 00 00 00 00 00 00 00 00 
345 | 00 00 00 00 00 00 00 00 00 00 00 00 00 00 00 00 
346 | 00 00 00 00 00 00 00 00 00 00 00 00 00 00 00 00 
347 | 00 00 00 00 00 00 00 00 00 00 00 00 00 00 00 00 
348 | 00 00 00 00 00 00 00 00 00 00 00 00 00 00 00 00 
349 | 00 00 00 00 00 00 00 00 00 00 00 00 00 00 00 00 
350 | 00 00 00 00 00 00 00 00 00 00 00 00 00 00 00 00 
351 | 00 00 00 00 00 00 00 00 00 00 00 00 00 00 00 00 
352 | 00 00 00 00 00 00 00 00 00 00 00 00 00 00 00 00 
353 | 00 00 00 00 00 00 00 00 00 00 00 00 00 00 00 00 
354 | 00 00 00 00 00 00 00 00 00 00 00 00 00 00 00 00 
355 | 00 00 00 00 00 00 00 00 00 00 00 00 00 00 00 00 
356 | 00 00 00 00 00 00 00 00 00 00 00 00 00 00 00 00 
357 | 00 00 00 00 00 00 00 00 00 00 00 00 00 00 00 00 
358 | 00 00 00 00 00 00 00 00 00 00 00 00 00 00 00 00 
359 | 00 00 00 00 00 00 00 00 00 00 00 00 00 00 00 00 
360 | 00 00 00 00 00 00 00 00 00 00 00 00 00 00 00 00 
361 | 00 00 00 00 00 00 00 00 00 00 00 00 00 00 00 00 
362 | 00 00 00 00 00 00 00 00 00 00 00 00 00 00 00 00 
363 | 00 00 00 00 00 00 00 00 00 00 00 00 00 00 00 00 
364 | 00 00 00 00 00 00 00 00 00 00 00 00 00 00 00 00 
365 | 00 00 00 00 00 00 00 00 00 00 00 00 00 00 00 00 
366 | 00 00 00 00 00 00 00 00 00 00 00 00 00 00 00 00 
367 | 00 00 00 00 00 00 00 00 00 00 00 00 00 00 00 00 
368 | 00 00 00 00 00 00 00 00 00 00 00 00 00 00 00 00 
369 | 00 00 00 00 00 00 00 00 00 00 00 00 00 00 00 00 
370 | 00 00 00 00 00 00 00 00 00 00 00 00 00 00 00 00 
371 | 00 00 00 00 00 00 00 00 00 00 00 00 00 00 00 00 
372 | 00 00 00 00 00 00 00 00 00 00 00 00 00 00 00 00 
373 | 00 00 00 00 00 00 00 00 00 00 00 00 00 00 00 00 
374 | 00 00 00 00 00 00 00 00 00 00 00 00 00 00 00 00 
375 | 00 00 00 00 00 00 00 00 00 00 00 00 00 00 00 00 
376 | 00 00 00 00 00 00 00 00 00 00 00 00 00 00 00 00 
377 | 00 00 00 00 00 00 00 00 00 00 00 00 00 00 00 00 
378 | 00 00 00 00 00 00 00 00 00 00 00 00 00 00 00 00 
379 | 00 00 00 00 00 00 00 00 00 00 00 00 00 00 00 00 
380 | 00 00 00 00 00 00 00 00 00 00 00 00 00 00 00 00 
381 | 00 00 00 00 00 00 00 00 00 00 00 00 00 00 00 00 
382 | 00 00 00 00 00 00 00 00 00 00 00 00 00 00 00 00 
383 | 00 00 00 00 00 00 00 00 00 00 00 00 00 00 00 00 
384 | 00 00 00 00 00 00 00 00 00 00 00 00 00 00 00 00 
385 | 00 00 00 00 00 00 00 00 00 00 00 00 00 00 00 00 
386 | 00 00 00 00 00 00 00 00 00 00 00 00 00 00 00 00 
387 | 00 00 00 00 00 00 00 00 00 00 00 00 00 00 00 00 
388 | 00 00 00 00 00 00 00 00 00 00 00 00 00 00 00 00 
389 | 00 00 00 00 00 00 00 00 00 00 00 00 00 00 00 00 
390 | 00 00 00 00 00 00 00 00 00 00 00 00 00 00 00 00 
391 | 00 00 00 00 00 00 00 00 00 00 00 00 00 00 00 00 
392 | 00 00 00 00 00 00 00 00 00 00 00 00 00 00 00 00 
393 | 00 00 00 00 00 00 00 00 00 00 00 00 00 00 00 00 
394 | 00 00 00 00 00 00 00 00 00 00 00 00 00 00 00 00 
395 | 00 00 00 00 00 00 00 00 00 00 00 00 00 00 00 00 
396 | 00 00 00 00 00 00 00 00 00 00 00 00 00 00 00 00 
397 | 00 00 00 00 00 00 00 00 00 00 00 00 00 00 00 00 
398 | 00 00 00 00 00 00 00 00 00 00 00 00 00 00 00 00 
399 | 00 00 00 00 00 00 00 00 00 00 00 00 00 00 00 00 
400 | 00 00 00 00 00 00 00 00 00 00 00 00 00 00 00 00 
401 | 00 00 00 00 00 00 00 00 00 00 00 00 00 00 00 00 
402 | 00 00 00 00 00 00 00 00 00 00 00 00 00 00 00 00 
403 | 00 00 00 00 00 00 00 00 00 00 00 00 00 00 00 00 
404 | 00 00 00 00 00 00 00 00 00 00 00 00 00 00 00 00 
405 | 00 00 00 00 00 00 00 00 00 00 00 00 00 00 00 00 
406 | 00 00 00 00 00 00 00 00 00 00 00 00 00 00 00 00 
407 | 00 00 00 00 00 00 00 00 00 00 00 00 00 00 00 00 
408 | 00 00 00 00 00 00 00 00 00 00 00 00 00 00 00 00 
409 | 00 00 00 00 00 00 00 00 00 00 00 00 00 00 00 00 
410 | 00 00 00 00 00 00 00 00 00 00 00 00 00 00 00 00 
411 | 00 00 00 00 00 00 00 00 00 00 00 00 00 00 00 00 
412 | 00 00 00 00 00 00 00 00 00 00 00 00 00 00 00 00 
413 | 00 00 00 00 00 00 00 00 00 00 00 00 00 00 00 00 
414 | 00 00 00 00 00 00 00 00 00 00 00 00 00 00 00 00 
415 | 00 00 00 00 00 00 00 00 00 00 00 00 00 00 00 00 
416 | 00 00 00 00 00 00 00 00 00 00 00 00 00 00 00 00 
417 | 00 00 00 00 00 00 00 00 00 00 00 00 00 00 00 00 
418 | 00 00 00 00 00 00 00 00 00 00 00 00 00 00 00 00 
419 | 00 00 00 00 00 00 00 00 00 00 00 00 00 00 00 00 
420 | 00 00 00 00 00 00 00 00 00 00 00 00 00 00 00 00 
421 | 00 00 00 00 00 00 00 00 00 00 00 00 00 00 00 00 
422 | 00 00 00 00 00 00 00 00 00 00 00 00 00 00 00 00 
423 | 00 00 00 00 00 00 00 00 00 00 00 00 00 00 00 00 
424 | 00 00 00 00 00 00 00 00 00 00 00 00 00 00 00 00 
425 | 00 00 00 00 00 00 00 00 00 00 00 00 00 00 00 00 
426 | 00 00 00 00 00 00 00 00 00 00 00 00 00 00 00 00 
427 | 00 00 00 00 00 00 00 00 00 00 00 00 00 00 00 00 
428 | 00 00 00 00 00 00 00 00 00 00 00 00 00 00 00 00 
429 | 00 00 00 00 00 00 00 00 00 00 00 00 00 00 00 00 
430 | 00 00 00 00 00 00 00 00 00 00 00 00 00 00 00 00 
431 | 00 00 00 00 00 00 00 00 00 00 00 00 00 00 00 00 
432 | 00 00 00 00 00 00 00 00 00 00 00 00 00 00 00 00 
433 | 00 00 00 00 00 00 00 00 00 00 00 00 00 00 00 00 
434 | 00 00 00 00 00 00 00 00 00 00 00 00 00 00 00 00 
435 | 00 00 00 00 00 00 00 00 00 00 00 00 00 00 00 00 
436 | 00 00 00 00 00 00 00 00 00 00 00 00 00 00 00 00 
437 | 00 00 00 00 00 00 00 00 00 00 00 00 00 00 00 00 
438 | 00 00 00 00 00 00 00 00 00 00 00 00 00 00 00 00 
439 | 00 00 00 00 00 00 00 00 00 00 00 00 00 00 00 00 
440 | 00 00 00 00 00 00 00 00 00 00 00 00 00 00 00 00 
441 | 00 00 00 00 00 00 00 00 00 00 00 00 00 00 00 00 
442 | 00 00 00 00 00 00 00 00 00 00 00 00 00 00 00 00 
443 | 00 00 00 00 00 00 00 00 00 00 00 00 00 00 00 00 
444 | 00 00 00 00 00 00 00 00 00 00 00 00 00 00 00 00 
445 | 00 00 00 00 00 00 00 00 00 00 00 00 00 00 00 00 
446 | 00 00 00 00 00 00 00 00 00 00 00 00 00 00 00 00 
447 | 00 00 00 00 00 00 00 00 00 00 00 00 00 00 00 00 
448 | 00 00 00 00 00 00 00 00 00 00 00 00 00 00 00 00 
449 | 00 00 00 00 00 00 00 00 00 00 00 00 00 00 00 00 
450 | 00 00 00 00 00 00 00 00 00 00 00 00 00 00 00 00 
451 | 00 00 00 00 00 00 00 00 00 00 00 00 00 00 00 00 
452 | 00 00 00 00 00 00 00 00 00 00 00 00 00 00 00 00 
453 | 00 00 00 00 00 00 00 00 00 00 00 00 00 00 00 00 
454 | 00 00 00 00 00 00 00 00 00 00 00 00 00 00 00 00 
455 | 00 00 00 00 00 00 00 00 00 00 00 00 00 00 00 00 
456 | 00 00 00 00 00 00 00 00 00 00 00 00 00 00 00 00 
457 | 00 00 00 00 00 00 00 00 00 00 00 00 00 00 00 00 
458 | 00 00 00 00 00 00 00 00 00 00 00 00 00 00 00 00 
459 | 00 00 00 00 00 00 00 00 00 00 00 00 00 00 00 00 
460 | 00 00 00 00 00 00 00 00 00 00 00 00 00 00 00 00 
461 | 00 00 00 00 00 00 00 00 00 00 00 00 00 00 00 00 
462 | 00 00 00 00 00 00 00 00 00 00 00 00 00 00 00 00 
463 | 00 00 00 00 00 00 00 00 00 00 00 00 00 00 00 00 
464 | 00 00 00 00 00 00 00 00 00 00 00 00 00 00 00 00 
465 | 00 00 00 00 00 00 00 00 00 00 00 00 00 00 00 00 
466 | 00 00 00 00 00 00 00 00 00 00 00 00 00 00 00 00 
467 | 00 00 00 00 00 00 00 00 00 00 00 00 00 00 00 00 
468 | 00 00 00 00 00 00 00 00 00 00 00 00 00 00 00 00 
469 | 00 00 00 00 00 00 00 00 00 00 00 00 00 00 00 00 
470 | 00 00 00 00 00 00 00 00 00 00 00 00 00 00 00 00 
471 | 00 00 00 00 00 00 00 00 00 00 00 00 00 00 00 00 
472 | 00 00 00 00 00 00 00 00 00 00 00 00 00 00 00 00 
473 | 00 00 00 00 00 00 00 00 00 00 00 00 00 00 00 00 
474 | 00 00 00 00 00 00 00 00 00 00 00 00 00 00 00 00 
475 | 00 00 00 00 00 00 00 00 00 00 00 00 00 00 00 00 
476 | 00 00 00 00 00 00 00 00 00 00 00 00 00 00 00 00 
477 | 00 00 00 00 00 00 00 00 00 00 00 00 00 00 00 00 
478 | 00 00 00 00 00 00 00 00 00 00 00 00 00 00 00 00 
479 | 00 00 00 00 00 00 00 00 00 00 00 00 00 00 00 00 
480 | 00 00 00 00 00 00 00 00 00 00 00 00 00 00 00 00 
481 | 00 00 00 00 00 00 00 00 00 00 00 00 00 00 00 00 
482 | 00 00 00 00 00 00 00 00 00 00 00 00 00 00 00 00 
483 | 00 00 00 00 00 00 00 00 00 00 00 00 00 00 00 00 
484 | 00 00 00 00 00 00 00 00 00 00 00 00 00 00 00 00 
485 | 00 00 00 00 00 00 00 00 00 00 00 00 00 00 00 00 
486 | 00 00 00 00 00 00 00 00 00 00 00 00 00 00 00 00 
487 | 00 00 00 00 00 00 00 00 00 00 00 00 00 00 00 00 
488 | 00 00 00 00 00 00 00 00 00 00 00 00 00 00 00 00 
489 | 00 00 00 00 00 00 00 00 00 00 00 00 00 00 00 00 
490 | 00 00 00 00 00 00 00 00 00 00 00 00 00 00 00 00 
491 | 00 00 00 00 00 00 00 00 00 00 00 00 00 00 00 00 
492 | 00 00 00 00 00 00 00 00 00 00 00 00 00 00 00 00 
493 | 00 00 00 00 00 00 00 00 00 00 00 00 00 00 00 00 
494 | 00 00 00 00 00 00 00 00 00 00 00 00 00 00 00 00 
495 | 00 00 00 00 00 00 00 00 00 00 00 00 00 00 00 00 
496 | 00 00 00 00 00 00 00 00 00 00 00 00 00 00 00 00 
497 | 00 00 00 00 00 00 00 00 00 00 00 00 00 00 00 00 
498 | 00 00 00 00 00 00 00 00 00 00 00 00 00 00 00 00 
499 | 00 00 00 00 00 00 00 00 00 00 00 00 00 00 00 00 
500 | 00 00 00 00 00 00 00 00 00 00 00 00 00 00 00 00 
501 | 00 00 00 00 00 00 00 00 00 00 00 00 00 00 00 00 
502 | 00 00 00 00 00 00 00 00 00 00 00 00 00 00 00 00 
503 | 00 00 00 00 00 00 00 00 00 00 00 00 00 00 00 00 
504 | 00 00 00 00 00 00 00 00 00 00 00 00 00 00 00 00 
505 | 00 00 00 00 00 00 00 00 00 00 00 00 00 00 00 00 
506 | 00 00 00 00 00 00 00 00 00 00 00 00 00 00 00 00 
507 | 00 00 00 00 00 00 00 00 00 00 00 00 00 00 00 00 
508 | 00 00 00 00 00 00 00 00 00 00 00 00 00 00 00 00 
509 | 00 00 00 00 00 00 00 00 00 00 00 00 00 00 00 00 
510 | 00 00 00 00 00 00 00 00 00 00 00 00 00 00 00 00 
511 | 00 00 00 00 00 00 00 00 00 00 00 00 00 00 00 00 
512 | 7b 00 42 00 43 00 33 00 37 00 33 00 46 00 32 00 
513 | 37 00 2d 00 45 00 43 00 41 00 31 00 2d 00 34 00 
514 | 36 00 35 00 31 00 2d 00 41 00 42 00 38 00 38 00 
515 | 2d 00 34 00 37 00 45 00 39 00 42 00 35 00 33 00 
516 | 42 00 39 00 32 00 39 00 39 00 7d 00 00 00 00 00 
517 | 00 00 00 00 00 00 00 00 00 00 00 00 00 00 00 00 
518 | 00 00 00 00 00 00 00 00 00 00 00 00 00 00 00 00 
519 | 00 00 00 00 00 00 00 00 00 00 00 00 00 00 00 00 
520 | 00 00 00 00 00 00 00 00 00 00 00 00 00 00 00 00 
521 | 00 00 00 00 00 00 00 00 00 00 00 00 00 00 00 00 
522 | 00 00 00 00 00 00 00 00 00 00 00 00 00 00 00 00 
523 | 00 00 00 00 00 00 00 00 00 00 00 00 00 00 00 00 
524 | 00 00 00 00 00 00 00 00 00 00 00 00 00 00 00 00 
525 | 00 00 00 00 00 00 00 00 00 00 00 00 00 00 00 00 
526 | 00 00 00 00 00 00 00 00 00 00 00 00 00 00 00 00 
527 | 00 00 00 00 00 00 00 00 00 00 00 00 00 00 00 00 
528 | 00 00 00 00 00 00 00 00 00 00 00 00 00 00 00 00 
529 | 00 00 00 00 00 00 00 00 00 00 00 00 00 00 00 00 
530 | 00 00 00 00 00 00 00 00 00 00 00 00 00 00 00 00 
531 | 00 00 00 00 00 00 00 00 00 00 00 00 00 00 00 00 
532 | 00 00 00 00 00 00 00 00 00 00 00 00 00 00 00 00 
533 | 00 00 00 00 00 00 00 00 00 00 00 00 00 00 00 00 
534 | 00 00 00 00 00 00 00 00 00 00 00 00 00 00 00 00 
535 | 00 00 00 00 00 00 00 00 00 00 00 00 00 00 00 00 
536 | 00 00 00 00 00 00 00 00 00 00 00 00 00 00 00 00 
537 | 00 00 00 00 00 00 00 00 00 00 00 00 00 00 00 00 
538 | 00 00 00 00 00 00 00 00 00 00 00 00 00 00 00 00 
539 | 00 00 00 00 00 00 00 00 00 00 00 00 00 00 00 00 
540 | 00 00 00 00 00 00 00 00 00 00 00 00 00 00 00 00 
541 | 00 00 00 00 00 00 00 00 00 00 00 00 00 00 00 00 
542 | 00 00 00 00 00 00 00 00 00 00 00 00 00 00 00 00 
543 | 00 00 00 00 00 00 00 00 00 00 00 00 00 00 00 00 
544 | 05 10 2d 7c 3d f0 05 31 29 fb 4d c9 c2 99 3e 4e 
545 | 13 64 f0 5e d3 30 6e c1 66 8a 8d be 4f 93 84 3c 
546 | 89 9a 13 65 71 48 03 c0 3a e2 54 01 4e 29 41 5a 
547 | 7f b2 06 66 f6 98 1a 30 0d 40 89 8e 70 5e f2 9b 
548 | 09 30 e6 8b 9f 6f f3 02 e3 13 85 c6 27 19 cf 19 
549 | 85 0c 6c 8a f9 70 99 25 40 1c 04 94 dc 35 78 85 
550 | 3f 7d fe eb 22 e6 e4 d9 07 37 22 e3 9e 6e 45 c8 
551 | b9 f2 f9 3e 39 80 49 02 df 03 10 0e 48 9b 07 28 
552 | 0b 60 5b 80 b4 01 a0 74 43 c8 68 84 1f ff ff fe 
553 | f3 33 7f ff ff f1 3a 0e 11 37 8e f0 00 02 81 40 
554 | 00 50 00 14 00 00 00 00 00 fa 4c 9a 40 f9 f3 71 
555 | 34 f6 6f 60 38 1d cf 1e e4 b8 ed 18 2e e3 dc 97 
556 | 18 62 e8 e6 77 e5 f3 78 ea 01 5c 3d 1c fa 69 b9 
557 | a1 98 72 c4 bc 2f e2 0a 49 fb 4d ca 04 f2 99 28 
558 | 4f 24 01 ca 1a 47 10 96 8a 3f c9 72 81 26 4b 9a 
559 | 13 ca 61 c8 08 91 03 0d 81 38 14 46 8f fb 19 9b 
560 | da 81 a3 0d 83 d4 4f 02 d8 17 c2 80 f3 1e e4 6f 
561 | fe 60 5c 62 e1 a3 17 19 cf 19 89 70 82 82 d6 e3 
562 | d0 6d 00 0b 81 6d 0b 98 f4 02 81 ff fd d6 49 9b 
563 | 92 63 dc dc 7b 8f 73 71 ee 4b b9 7c be 60 27 a3 
564 | 80 63 ff fb 92 64 be 80 06 b4 84 38 6e 3e 40 04 
565 | c3 f0 87 1d c5 b4 00 9a e5 99 85 f9 da 30 11 b9 
566 | af 6e bf 32 d6 82 1a 81 e8 3b 85 88 8e 17 07 b8 
567 | 4d 07 60 e1 17 3f ff ff fd e9 a7 ff ff fe 23 02 
568 | 52 15 33 81 74 11 21 12 d0 e1 0c ec df 7f 76 b6 
569 | ca 35 03 7f 97 78 10 09 99 a2 56 1b 65 07 7f ad 
570 | 76 4e 6a 51 98 6c 79 27 ff 32 e3 99 98 d1 1b b4 
571 | 88 26 e1 d3 8a e0 1e 50 e0 58 27 19 01 72 11 50 
572 | 30 60 40 1a c0 19 b7 29 d0 63 73 c6 e8 00 14 f0 
573 | 35 a9 42 29 80 d5 08 2f a4 82 69 9b 98 31 a1 98 
574 | 19 04 c0 18 84 0d 99 50 04 12 0a 1f 72 fa 56 4d 
575 | d3 53 1a 26 0d b0 02 a1 00 b0 90 31 a1 40 a8 d0 
576 | 2a 4a 9b e9 e7 d8 dd 69 1a 00 a0 c0 6d 00 ce c4 
577 | c8 0b 0b 06 d4 0f df f4 1a 82 dd 35 5b 06 e4 81 
578 | 21 60 db 00 6f 30 63 10 0e 06 26 d1 5e 16 0f ff 
579 | 64 d3 db c5 28 2c f2 f0 ee 19 84 47 3c 7c 0e c2 
580 | 08 31 ff ff ff ff 89 fc c8 66 05 6e 20 88 62 71 
581 | d0 26 a2 14 25 8d 52 34 22 85 95 86 09 00 90 06 
582 | 15 61 06 4d 9d 88 56 2b 15 0a 77 d1 a1 0a 80 30 
583 | 02 da 7f 9d c8 1f 0f 7f 3f c8 19 39 49 cf f0 52 
584 | c7 62 69 da 6a 1c 03 dd ff 41 4d 64 dd ab 7a cb 
585 | 4c 49 72 5c c3 bb 53 f4 0d 34 f5 bf fe e7 d9 d9 
586 | 46 95 20 c9 a9 bf e8 2c dc dd d4 d6 65 d4 86 a6 
587 | ff e7 d1 37 59 fb 36 72 bb ff ff fe 4a 12 94 10 
588 | 41 8d 10 41 4b 75 99 23 2e 64 56 09 20 02 82 33 
589 | aa 23 d8 26 08 a5 00 a4 8b f2 5e 38 4b 59 7d 60 
590 | 18 66 9e bd ff fb 92 64 0d 80 02 f4 28 db e7 61 
591 | 00 00 5d 8b 3b 4e ed 9c 00 4c c8 a3 65 6d 30 69 
592 | 89 62 93 ed 74 f4 8d 20 04 62 51 22 82 60 74 5c 
593 | 5e fe 0a 16 16 3a e4 d1 56 1a 2a 69 3c 33 2b 33 
594 | 35 f3 51 0d 70 90 cc b3 b7 f2 be aa bc 30 b0 48 
595 | 1a 0a 82 a7 41 57 2b 14 12 b9 ea 2c b1 2b 32 c7 
596 | be e6 af a2 db 2d d3 32 d5 84 c1 60 00 a3 11 60 
597 | 00 00 01 6f cb 7c 67 8b 14 df 67 11 1d 66 c3 59 
598 | 48 1d 47 f2 85 1e 85 00 43 03 84 50 5e 32 2d 14 
599 | 0e 31 a8 eb 9e 95 7f fb ff f6 fd 3f ff fa ff 6e 
600 | 9d ed f7 a5 bd b5 ea fa d6 62 bf 6b 68 b4 4a 18 
601 | da 18 64 f5 33 64 56 39 a5 a4 a3 75 07 e3 63 2a 
602 | 84 36 1d 7f 68 1f ff 24 fd 00 1c 18 00 48 05 51 
603 | 01 28 50 1a f2 96 00 02 83 b0 16 9a d6 52 51 71 
604 | f0 1a 38 26 81 91 e0 1b 32 76 d0 a8 d9 7c 2f 34 
605 | ba f7 5c dc f4 9c e3 cd 6a 9a 94 98 3c ce d5 0d 
606 | 14 90 a4 af 61 56 ed ce 5d 44 a3 a2 97 b0 70 3f 
607 | fd 8b 0b 05 b4 93 2f f2 73 a7 68 0e ce 17 05 06 
608 | d6 f3 b4 ed d3 ad c0 7f 1b 37 1b d9 00 eb 7e 8e 
609 | 02 04 01 0c 9a c9 00 fa dd 58 9e 16 e4 72 b8 9f 
610 | 1f a0 a9 94 2c 15 e6 46 48 a6 b4 53 b5 b6 95 b8 
611 | 26 67 5f f9 7f 3c f9 f7 3c 9c ee 84 42 c6 4a 5a 
612 | 42 53 8f 07 30 2a 83 af 8d 45 a3 50 a2 0b 8a be 
613 | 18 38 ca 20 05 9c c5 58 a2 c4 27 db 2a b6 06 45 
614 | d4 d2 45 88 a2 8a ad 1f 10 44 d0 08 1e 23 2e 07 
615 | ed 2a 0b 93 9a 1b 2b 43 d0 2c 29 85 69 40 e1 b0 
616 | d0 9a e5 72 24 45 ff fb 92 64 0f 00 02 ca 1b d9 
617 | db 0c 19 d0 61 84 ab 3c 05 e3 1e 4b 68 c3 69 8c 
618 | b0 69 41 76 ac 2e 7c c0 8e f8 b1 1d 45 52 1d a8 
619 | d8 89 89 8d 69 c7 37 82 58 73 c9 cc fc 70 19 10 
620 | e8 32 f3 80 cb 04 c3 0e a0 e8 d3 85 07 b4 25 6b 
621 | b0 58 c0 65 65 91 6e f5 45 8f ba ea 34 58 fd 56 
622 | f5 4e 4f a1 a5 80 55 d2 0a 10 d2 02 73 27 12 74 
623 | 14 13 c9 34 95 25 cb 2d 09 f4 cb 4c c8 4a 12 b1 
624 | 09 14 a5 57 3c 51 bd ae cf 61 af 3f fc ff 2e 7c 
625 | c9 35 9b 8c 79 4d 89 71 d7 17 c9 4c 63 65 11 9d 
626 | 9a 79 bf d0 0e 65 d2 3d 6b 96 fa 0e dd b1 ee 6e 
627 | cf e2 5b f8 96 7c 14 d8 7f 70 bc ce a7 0b 7d 9a 
628 | c5 4e de cc 2f 7e 6c 55 1c 44 22 92 a2 02 05 85 
629 | ca 43 5a 36 ea d2 19 c6 4b f6 28 0a 8f 06 a7 a2 
630 | 10 dd 64 3e 7a a8 99 88 11 41 67 3d ae c1 b9 9a 
631 | 93 44 b0 87 06 c4 61 8d 66 ed bc a3 08 74 4f b2 
632 | c5 cb d7 25 29 ff fa 5f 3e 82 a6 a0 04 42 bc 78 
633 | 93 0c 21 b4 a4 fa 8c 5b c5 94 e8 4c 89 bb 0e 35 
634 | 42 ea 79 03 55 54 32 4c 65 6d 23 28 f1 0c 91 82 
635 | 22 a0 88 9e a0 b2 17 07 6b 05 25 b2 40 f2 73 ed 
636 | a3 59 bb 12 e8 a6 b4 86 33 1a e4 fe 5e cd 45 6c 
637 | 86 7c 45 33 ca c9 1a 2a 33 f1 91 91 23 cd 93 26 
638 | a4 88 8a d1 ed 1d 99 f9 51 d5 7c df 2f 9f 20 6d 
639 | 4f 37 d2 01 dc 64 09 17 68 f1 87 53 77 09 d7 72 
640 | 1c dc a0 01 49 30 08 e5 42 c1 2a 56 9d 0c 24 2a 
641 | e3 56 c5 1a 49 f6 ed 2b 6a 76 1b a1 21 00 89 94 
642 | b0 b4 93 92 e5 d8 b5 ef ff fb 92 64 14 00 03 20 
643 | 2e 5a 63 29 1b 40 66 2a eb 5c 3c 62 ac 4d e9 37 
644 | 63 0d 3c 65 81 56 06 2d b8 17 b0 10 71 1d 20 45 
645 | f8 2e 06 f7 7e dd 0c c2 9b 30 5c 4f b3 79 95 3f 
646 | 33 cd 29 05 88 87 5a b0 5a 25 05 5e a4 a6 f7 34 
647 | bd f4 3a 28 d4 95 7b 18 fb a1 29 f4 12 6a 09 1d 
648 | 11 9c 78 3c 25 93 2d 99 78 ba e8 09 fb f2 14 9d 
649 | b5 86 85 29 7a 3b d7 43 96 43 c8 93 38 b5 d5 74 
650 | af 66 81 44 e3 3c 2d 44 6f dc 90 ea 94 94 ea 16 
651 | 55 d7 ff 2c ef 72 63 ba fc 32 40 51 70 f9 12 d0 
652 | ca 18 5b 68 50 17 f2 bb 23 26 9d 8f df 9c fb c5 
653 | d2 d4 57 bd bf 4f 2f 5d 55 90 ce a9 b4 a6 a5 1e 
654 | b2 2c 2f a8 e1 55 65 35 f3 fb f0 7f f7 6c 98 4a 
655 | 00 80 90 c8 1e 11 75 b3 44 81 42 e3 99 2b 2b b4 
656 | 89 6f 11 26 e5 d1 d3 72 95 5e f1 95 91 2b 7a bc 
657 | 16 e4 4c 50 58 11 44 20 c1 d4 30 e8 8b e2 e8 96 
658 | 20 cc 0c 88 18 f5 1c ce 05 2e ba 89 df 32 d8 cb 
659 | cd 2b b2 2b 45 7f a4 9a 4f 68 7a f1 5b d0 f4 92 
660 | 37 30 7f d6 92 4f ce 16 72 f0 da 18 46 8f 6c ca 
661 | 16 f6 a4 44 79 8f 13 3d a7 00 68 dd a5 07 00 ae 
662 | 48 02 05 73 a0 45 86 38 4f 44 34 e1 20 20 a0 82 
663 | 42 4c 7c 76 4c 44 c4 08 69 e3 3e c6 c2 6f 36 74 
664 | 38 29 70 b9 71 14 08 d6 52 e2 b4 d4 0d 95 0b 93 
665 | 0c 06 6b 5b 05 1a 32 49 0b 53 d9 ac bb dd 14 db 
666 | 2c a7 d0 c1 58 b5 8d 0c 96 b1 72 90 92 90 a4 88 
667 | 19 9e d1 08 14 12 41 22 07 a5 43 30 8d 50 8b 19 
668 | 11 63 ec 7c 2c 3a b4 43 c2 70 ff fb 92 64 0b 80 
669 | 02 c5 17 db 73 0c 19 60 5e 63 2b 6d 3d 83 2c 0a 
670 | a0 3f 69 6c bc c1 c1 4d 10 2d f0 06 08 38 8c b0 
671 | 1d 0e f5 70 98 d2 f5 e7 2b de 8a 19 d5 93 cd c5 
672 | 9c 11 20 a2 08 90 88 14 3c 1b 0c b4 2a 54 70 75 
673 | 26 1b 29 48 b3 58 5d 59 57 93 5a 37 b5 25 76 7d 
674 | 9b 4f b7 38 db 28 f0 01 19 c9 aa de 52 9a 97 4c 
675 | e9 49 20 29 c6 89 00 2d ee 86 a8 d2 49 07 a6 40 
676 | e9 e8 98 2f 16 15 01 60 66 0d cb 2a 1d 7c 82 9f 
677 | ab bd 8b 89 a4 d6 61 a9 91 c3 34 08 43 99 48 ab 
678 | 4f 92 40 ff 3b 59 f5 de 90 20 e3 87 dc f6 b7 ec 
679 | 65 ab 08 ae 91 ac 43 d2 30 e3 0a 09 47 85 e2 09 
680 | 39 95 3c 4e 29 b4 79 c3 2a 17 09 1d 5d aa 11 0c 
681 | c1 44 a4 00 08 5d 73 12 21 fb b5 0e 08 29 2e 4c 
682 | 24 50 15 82 72 33 b5 0e d5 dc 46 53 d2 0f a7 7c 
683 | 40 a3 64 88 87 03 ac 07 0b a0 98 98 2a 79 c2 e3 
684 | 09 b4 58 ba 9e 31 6b bb 8f 62 c2 12 96 52 aa 00 
685 | 82 b4 12 33 54 72 16 14 ad a3 40 c3 0a 0e 38 d3 
686 | 1e d4 ee 18 cc 40 44 55 aa 13 45 02 10 8e 1e c0 
687 | 23 8b 20 5d 48 b3 9d 58 9d 6d 75 c5 be be b4 5a 
688 | 35 95 b5 bf 56 aa 51 dd 15 83 8e 38 87 24 ba cb 
689 | 33 65 90 e2 5e 1d 32 a7 86 95 48 ab ea 6b 90 b3 
690 | 36 45 c7 a1 c4 18 2a 51 60 a1 d7 ab 4c 93 d9 58 
691 | b8 d6 47 ad 2f 5a 95 09 21 63 00 02 3a 5e 50 10 
692 | 31 e6 64 88 61 28 6a 2d 5a a8 10 33 56 3e 06 d5 
693 | d5 2d b2 71 8f 34 30 12 b5 51 9e 0c cc ae a5 1b 
694 | c9 6f c3 93 8b 91 1b 94 1a 22 fd 1c ff fb 92 64 
695 | 1a 80 02 b2 22 db 73 0c 19 c0 54 44 6b 8f 3d 23 
696 | 38 0b 38 95 6b 87 98 70 41 38 87 30 74 07 8c 32 
697 | 5c 19 49 e2 ea 14 16 02 89 8b 1f 72 94 19 1a 97 
698 | b5 2d 4c 1f 63 1c b6 56 e2 e8 97 d2 b6 a5 f3 55 
699 | 7a 52 0d 5c 88 44 cd c4 da 20 2d 74 81 68 67 09 
700 | d1 58 84 34 01 53 90 5c cc 2d a2 39 17 a5 00 a4 
701 | 14 57 9f 0e 27 11 6f 31 47 b7 e8 45 4c ca 7f 79 
702 | 95 a2 5f 4a 09 ee 13 8b 05 88 a9 aa 47 45 d2 af 
703 | b5 f7 a2 36 db 6a d0 a4 6d 4e 1f 18 75 2c 38 80 
704 | 29 f4 62 ac 4e 81 53 ad d6 dd 0a 82 82 08 d5 51 
705 | 1e 27 f1 28 11 81 c8 4f 0b a1 82 34 8e 56 7e 8e 
706 | 2f 96 2b 99 65 3e 42 81 81 cc 4c 9c 5e 0e d1 d6 
707 | 3f ba 03 ad e5 a9 db 91 ca 73 73 9c 85 af 98 36 
708 | b1 05 9e 83 22 a1 81 08 0c d4 b9 2f 7b 74 9b 75 
709 | 36 5c cb 45 1a a6 e9 34 7a ee c4 b9 94 fe ca 07 
710 | 76 c9 1b 96 36 db 49 94 42 c2 90 2f c7 41 c0 9c 
711 | 47 4a 8b 47 b2 c8 c4 9d 88 82 0c 2c 34 7a 2c c0 
712 | 26 10 09 98 50 68 0c 6f 6b 47 b8 93 5a 32 5f 1d 
713 | 44 f8 19 37 24 a3 92 b6 d4 a5 bd 26 1b aa f9 a7 
714 | 51 e8 80 f6 d3 d2 e4 41 f7 d9 63 55 b1 2a 09 23 
715 | 56 13 10 3d 1a 64 82 c1 43 71 94 62 d0 bf 12 d3 
716 | 78 96 6c fd 3a 8f 39 1e a2 7a 3f 09 eb 27 75 87 
717 | 52 eb 08 17 bb c1 63 64 f6 8f b3 9b 00 0b 91 32 
718 | 2c 59 c8 a8 14 3b 26 b1 3f d7 b0 dc 59 63 2d 6f 
719 | fd b8 49 68 b2 18 4e bd 59 91 77 ba 90 8f bd 55 
720 | a0 24 8d 15 d8 44 f4 6e 22 0a 30 13 47 a1 ff fb 
721 | 92 64 30 00 02 96 19 dc 79 e6 1b b0 54 02 4b af 
722 | 01 e3 0c 0a 78 93 6b cc 18 6c 81 41 87 2e fc f3 
723 | 25 10 7e 18 f7 d4 55 62 fa 05 3d 2a 9d 94 75 8b 
724 | 61 82 04 57 23 e3 6f 68 71 89 44 cb 16 12 96 62 
725 | 6b 89 14 e1 73 45 4b 93 2c 0f 18 54 eb 06 98 17 
726 | 73 9a aa 6b 2a 19 fd f9 97 a8 81 40 78 6b c5 80 
727 | c2 b2 9f 8c 2c e6 dc 47 b0 24 09 c8 00 40 65 60 
728 | 04 60 91 65 20 b2 b4 d8 26 59 fb 98 cb 1f 18 05 
729 | 71 67 b0 27 58 62 96 24 9b a9 33 16 91 77 86 a4 
730 | 70 c9 cd ad 35 fd e5 39 e6 0b 2e 3f 58 65 d4 3c 
731 | 54 13 2c fb e9 98 4b df 5a 23 37 c7 29 76 74 14 
732 | 41 a4 96 71 65 b5 da a7 2b 73 96 8e af 94 18 10 
733 | 43 16 b1 b6 88 4d 94 d2 3d 9d 10 23 40 d7 88 65 
734 | 8e 09 22 84 f0 15 00 c7 fb a1 db aa 42 b8 40 4a 
735 | 7e 48 a9 50 89 5a 17 3e 7d 56 4e 67 44 68 4d 6a 
736 | bc fa 61 57 29 4d d1 af fa a8 93 1a b6 c7 38 0b 
737 | 71 0a d8 dd f3 c5 05 a2 c9 d0 39 f5 df 29 20 50 
738 | 42 12 3b f9 81 0d 34 d0 85 23 5b 86 02 0a 29 7f 
739 | 68 95 26 41 a0 c7 50 d1 a1 8a 14 27 92 b1 38 dc 
740 | 81 00 f5 11 d9 f5 4d d5 d8 c8 58 ca a7 36 c1 cb 
741 | a3 02 21 e6 6c b7 7e 5e f7 db 55 66 dd 52 d4 82 
742 | 1c 95 12 58 15 c2 c7 a2 fe f6 96 ad 8f ff ff 64 
743 | 54 56 ac 71 b7 64 6d 20 9e 18 0e 83 83 c8 b9 72 
744 | b2 90 82 84 44 6b cd 0c 87 88 a9 c8 6c a3 ad cc 
745 | b9 40 07 40 41 9a df 39 18 8c fb 28 30 ef 9f 6e 
746 | 69 37 88 ba 6e d1 4d a5 68 16 ff fd 37 74 23 57 
747 | ff fb 92 64 49 80 02 9e 33 5b f1 e3 14 c0 48 43 
748 | 5c 1d 29 83 1e 8a 9c 43 6b 87 bc c1 81 3c 0d ee 
749 | bd 84 88 e8 68 56 6e 12 a5 1a ae 4d af 3c 09 09 
750 | 00 72 80 30 70 c7 26 07 ac 33 58 8b 37 8d 07 ad 
751 | 62 3a 20 0a 88 48 36 a7 8b bc 3c 98 d4 8b c8 7a 
752 | 64 cc 50 b8 18 01 59 c6 07 63 cb a4 1a 32 18 33 
753 | 6c 51 3a 5b ea 40 45 bb 2f b4 42 2b 14 b9 55 10 
754 | a8 a5 99 fc 65 88 27 2f 2a 3d 0b 4b cf 39 04 4c 
755 | b7 dc 18 2a 66 a4 88 52 56 89 05 7f 8c a9 4c df 
756 | 06 52 e3 44 dc 9a a2 21 c4 88 d6 94 8a 12 93 0c 
757 | e9 f5 e4 5b 65 7e fc f2 1b 49 8a 45 39 c4 d4 54 
758 | d9 83 ae b8 ad 48 7d ed 64 1a 7f 5c c1 3b 6c db 
759 | b1 96 3a ea b7 da 96 31 9b 68 4d 09 80 d5 7f de 
760 | 28 1b 62 74 13 21 1f e4 00 53 ab 49 38 5a 31 c1 
761 | ce 20 84 48 a3 42 cf 67 22 40 3c 5c 27 3b 93 05 
762 | cc a0 c3 0c 44 b6 b3 7e c7 21 99 e7 6b 16 bd f4 
763 | 84 35 b4 46 96 a0 e9 20 ab 8f 06 aa 99 6b 98 34 
764 | 80 be 01 f4 94 d7 14 7c e4 5d 74 02 23 6f 1c 30 
765 | dd 77 2f ff db bb 5a 26 d4 91 14 40 07 34 2c 56 
766 | 51 09 ba 01 61 99 8d a5 89 0b 96 73 c8 86 40 f3 
767 | 42 b2 66 1f 34 a0 54 0c 2a 1c 11 34 88 b9 b1 46 
768 | ff d8 ff e0 00 10 4a 46 49 46 00 01 01 01 00 60 
769 | 00 60 00 00 ff e1 24 2c 45 78 69 66 00 00 4d 4d 
770 | 00 2a 00 00 00 08 00 06 00 0b 00 02 00 00 00 26 
771 | 00 00 08 62 01 12 00 03 00 00 00 01 00 01 00 00 
772 | 01 31 00 02 00 00 00 26 00 00 08 88 01 32 00 02 
773 | 00 00 00 14 00 00 08 ae 87 69 00 04 00 00 00 01 
774 | 00 00 08 c2 ea 1c 00 07 00 00 08 0c 00 00 00 56 
775 | 00 00 11 46 1c ea 00 00 00 08 00 00 00 00 00 00 
776 | 00 00 00 00 00 00 00 00 00 00 00 00 00 00 00 00 
777 | 00 00 00 00 00 00 00 00 00 00 00 00 00 00 00 00 
778 | 00 00 00 00 00 00 00 00 00 00 00 00 00 00 00 00 
779 | 00 00 00 00 00 00 00 00 00 00 00 00 00 00 00 00 
780 | 00 00 00 00 00 00 00 00 00 00 00 00 00 00 00 00 
781 | 00 00 00 00 00 00 00 00 00 00 00 00 00 00 00 00 
782 | 00 00 00 00 00 00 00 00 00 00 00 00 00 00 00 00 
783 | 00 00 00 00 00 00 00 00 00 00 00 00 00 00 00 00 
784 | 00 00 00 00 00 00 00 00 00 00 00 00 00 00 00 00 
785 | 00 00 00 00 00 00 00 00 00 00 00 00 00 00 00 00 
786 | 00 00 00 00 00 00 00 00 00 00 00 00 00 00 00 00 
787 | 00 00 00 00 00 00 00 00 00 00 00 00 00 00 00 00 
788 | 00 00 00 00 00 00 00 00 00 00 00 00 00 00 00 00 
789 | 00 00 00 00 00 00 00 00 00 00 00 00 00 00 00 00 
790 | 00 00 00 00 00 00 00 00 00 00 00 00 00 00 00 00 
791 | 00 00 00 00 00 00 00 00 00 00 00 00 00 00 00 00 
792 | 00 00 00 00 00 00 00 00 00 00 00 00 00 00 00 00 
793 | 00 00 00 00 00 00 00 00 00 00 00 00 00 00 00 00 
794 | 00 00 00 00 00 00 00 00 00 00 00 00 00 00 00 00 
795 | 00 00 00 00 00 00 00 00 00 00 00 00 00 00 00 00 
796 | 00 00 00 00 00 00 00 00 00 00 00 00 00 00 00 00 
797 | 00 00 00 00 00 00 00 00 00 00 00 00 00 00 00 00 
798 | 00 00 00 00 00 00 00 00 00 00 00 00 00 00 00 00 
799 | 00 00 00 00 00 00 00 00 00 00 00 00 00 00 00 00 
800 | 00 00 00 00 00 00 00 00 00 00 00 00 00 00 00 00 
801 | 00 00 00 00 00 00 00 00 00 00 00 00 00 00 00 00 
802 | 00 00 00 00 00 00 00 00 00 00 00 00 00 00 00 00 
803 | 00 00 00 00 00 00 00 00 00 00 00 00 00 00 00 00 
804 | 00 00 00 00 00 00 00 00 00 00 00 00 00 00 00 00 
805 | 00 00 00 00 00 00 00 00 00 00 00 00 00 00 00 00 
806 | 00 00 00 00 00 00 00 00 00 00 00 00 00 00 00 00 
807 | 00 00 00 00 00 00 00 00 00 00 00 00 00 00 00 00 
808 | 00 00 00 00 00 00 00 00 00 00 00 00 00 00 00 00 
809 | 00 00 00 00 00 00 00 00 00 00 00 00 00 00 00 00 
810 | 00 00 00 00 00 00 00 00 00 00 00 00 00 00 00 00 
811 | 00 00 00 00 00 00 00 00 00 00 00 00 00 00 00 00 
812 | 00 00 00 00 00 00 00 00 00 00 00 00 00 00 00 00 
813 | 00 00 00 00 00 00 00 00 00 00 00 00 00 00 00 00 
814 | 00 00 00 00 00 00 00 00 00 00 00 00 00 00 00 00 
815 | 00 00 00 00 00 00 00 00 00 00 00 00 00 00 00 00 
816 | 00 00 00 00 00 00 00 00 00 00 00 00 00 00 00 00 
817 | 00 00 00 00 00 00 00 00 00 00 00 00 00 00 00 00 
818 | 00 00 00 00 00 00 00 00 00 00 00 00 00 00 00 00 
819 | 00 00 00 00 00 00 00 00 00 00 00 00 00 00 00 00 
820 | 00 00 00 00 00 00 00 00 00 00 00 00 00 00 00 00 
821 | 00 00 00 00 00 00 00 00 00 00 00 00 00 00 00 00 
822 | 00 00 00 00 00 00 00 00 00 00 00 00 00 00 00 00 
823 | 00 00 00 00 00 00 00 00 00 00 00 00 00 00 00 00 
824 | 00 00 00 00 00 00 00 00 00 00 00 00 00 00 00 00 
825 | 00 00 00 00 00 00 00 00 00 00 00 00 00 00 00 00 
826 | 00 00 00 00 00 00 00 00 00 00 00 00 00 00 00 00 
827 | 00 00 00 00 00 00 00 00 00 00 00 00 00 00 00 00 
828 | 00 00 00 00 00 00 00 00 00 00 00 00 00 00 00 00 
829 | 00 00 00 00 00 00 00 00 00 00 00 00 00 00 00 00 
830 | 00 00 00 00 00 00 00 00 00 00 00 00 00 00 00 00 
831 | 00 00 00 00 00 00 00 00 00 00 00 00 00 00 00 00 
832 | 00 00 00 00 00 00 00 00 00 00 00 00 00 00 00 00 
833 | 00 00 00 00 00 00 00 00 00 00 00 00 00 00 00 00 
834 | 00 00 00 00 00 00 00 00 00 00 00 00 00 00 00 00 
835 | 00 00 00 00 00 00 00 00 00 00 00 00 00 00 00 00 
836 | 00 00 00 00 00 00 00 00 00 00 00 00 00 00 00 00 
837 | 00 00 00 00 00 00 00 00 00 00 00 00 00 00 00 00 
838 | 00 00 00 00 00 00 00 00 00 00 00 00 00 00 00 00 
839 | 00 00 00 00 00 00 00 00 00 00 00 00 00 00 00 00 
840 | 00 00 00 00 00 00 00 00 00 00 00 00 00 00 00 00 
841 | 00 00 00 00 00 00 00 00 00 00 00 00 00 00 00 00 
842 | 00 00 00 00 00 00 00 00 00 00 00 00 00 00 00 00 
843 | 00 00 00 00 00 00 00 00 00 00 00 00 00 00 00 00 
844 | 00 00 00 00 00 00 00 00 00 00 00 00 00 00 00 00 
845 | 00 00 00 00 00 00 00 00 00 00 00 00 00 00 00 00 
846 | 00 00 00 00 00 00 00 00 00 00 00 00 00 00 00 00 
847 | 00 00 00 00 00 00 00 00 00 00 00 00 00 00 00 00 
848 | 00 00 00 00 00 00 00 00 00 00 00 00 00 00 00 00 
849 | 00 00 00 00 00 00 00 00 00 00 00 00 00 00 00 00 
850 | 00 00 00 00 00 00 00 00 00 00 00 00 00 00 00 00 
851 | 00 00 00 00 00 00 00 00 00 00 00 00 00 00 00 00 
852 | 00 00 00 00 00 00 00 00 00 00 00 00 00 00 00 00 
853 | 00 00 00 00 00 00 00 00 00 00 00 00 00 00 00 00 
854 | 00 00 00 00 00 00 00 00 00 00 00 00 00 00 00 00 
855 | 00 00 00 00 00 00 00 00 00 00 00 00 00 00 00 00 
856 | 00 00 00 00 00 00 00 00 00 00 00 00 00 00 00 00 
857 | 00 00 00 00 00 00 00 00 00 00 00 00 00 00 00 00 
858 | 00 00 00 00 00 00 00 00 00 00 00 00 00 00 00 00 
859 | 00 00 00 00 00 00 00 00 00 00 00 00 00 00 00 00 
860 | 00 00 00 00 00 00 00 00 00 00 00 00 00 00 00 00 
861 | 00 00 00 00 00 00 00 00 00 00 00 00 00 00 00 00 
862 | 00 00 00 00 00 00 00 00 00 00 00 00 00 00 00 00 
863 | 00 00 00 00 00 00 00 00 00 00 00 00 00 00 00 00 
864 | 00 00 00 00 00 00 00 00 00 00 00 00 00 00 00 00 
865 | 00 00 00 00 00 00 00 00 00 00 00 00 00 00 00 00 
866 | 00 00 00 00 00 00 00 00 00 00 00 00 00 00 00 00 
867 | 00 00 00 00 00 00 00 00 00 00 00 00 00 00 00 00 
868 | 00 00 00 00 00 00 00 00 00 00 00 00 00 00 00 00 
869 | 00 00 00 00 00 00 00 00 00 00 00 00 00 00 00 00 
870 | 00 00 00 00 00 00 00 00 00 00 00 00 00 00 00 00 
871 | 00 00 00 00 00 00 00 00 00 00 00 00 00 00 00 00 
872 | 00 00 00 00 00 00 00 00 00 00 00 00 00 00 00 00 
873 | 00 00 00 00 00 00 00 00 00 00 00 00 00 00 00 00 
874 | 00 00 00 00 00 00 00 00 00 00 00 00 00 00 00 00 
875 | 00 00 00 00 00 00 00 00 00 00 00 00 00 00 00 00 
876 | 00 00 00 00 00 00 00 00 00 00 00 00 00 00 00 00 
877 | 00 00 00 00 00 00 00 00 00 00 00 00 00 00 00 00 
878 | 00 00 00 00 00 00 00 00 00 00 00 00 00 00 00 00 
879 | 00 00 00 00 00 00 00 00 00 00 00 00 00 00 00 00 
880 | 00 00 00 00 00 00 00 00 00 00 00 00 00 00 00 00 
881 | 00 00 00 00 00 00 00 00 00 00 00 00 00 00 00 00 
882 | 00 00 00 00 00 00 00 00 00 00 00 00 00 00 00 00 
883 | 00 00 00 00 00 00 00 00 00 00 00 00 00 00 00 00 
884 | 00 00 00 00 00 00 00 00 00 00 00 00 00 00 00 00 
885 | 00 00 00 00 00 00 00 00 00 00 00 00 00 00 00 00 
886 | 00 00 00 00 00 00 00 00 00 00 00 00 00 00 00 00 
887 | 00 00 00 00 00 00 00 00 00 00 00 00 00 00 00 00 
888 | 00 00 00 00 00 00 00 00 00 00 00 00 00 00 00 00 
889 | 00 00 00 00 00 00 00 00 00 00 00 00 00 00 00 00 
890 | 00 00 00 00 00 00 00 00 00 00 00 00 00 00 00 00 
891 | 00 00 00 00 00 00 00 00 00 00 00 00 00 00 00 00 
892 | 00 00 00 00 00 00 00 00 00 00 00 00 00 00 00 00 
893 | 00 00 00 00 00 00 00 00 00 00 00 00 00 00 00 00 
894 | 00 00 00 00 00 00 00 00 00 00 00 00 00 00 00 00 
895 | 00 00 00 00 00 00 00 00 00 00 00 00 00 00 00 00 
896 | 00 00 00 00 00 00 00 00 00 00 00 00 00 00 00 00 
897 | 00 00 00 00 00 00 00 00 00 00 00 00 00 00 00 00 
898 | 00 00 00 00 00 00 00 00 00 00 00 00 00 00 00 00 
899 | 00 00 00 00 00 00 00 00 00 00 00 00 00 00 00 00 
900 | 00 00 00 00 00 00 00 00 00 00 00 00 00 00 00 00 
901 | 00 00 00 00 00 00 00 00 00 00 00 00 00 00 00 00 
902 | 00 00 00 00 00 00 00 00 00 00 00 00 00 00 00 00 
903 | 00 00 00 00 00 00 00 00 00 00 00 00 00 00 00 00 
904 | 57 69 6e 64 6f 77 73 20 50 68 6f 74 6f 20 45 64 
905 | 69 74 6f 72 20 31 30 2e 30 2e 31 30 30 31 31 2e 
906 | 31 36 33 38 34 00 57 69 6e 64 6f 77 73 20 50 68 
907 | 6f 74 6f 20 45 64 69 74 6f 72 20 31 30 2e 30 2e 
908 | 31 30 30 31 31 2e 31 36 33 38 34 00 32 30 32 31 
909 | 3a 31 30 3a 31 33 20 30 39 3a 30 33 3a 33 36 00 
910 | 00 06 90 03 00 02 00 00 00 14 00 00 11 1c 90 04 
911 | 00 02 00 00 00 14 00 00 11 30 92 91 00 02 00 00 
912 | 00 03 30 30 00 00 92 92 00 02 00 00 00 03 30 30 
913 | 00 00 a0 01 00 03 00 00 00 01 00 01 00 00 ea 1c 
914 | 00 07 00 00 08 0c 00 00 09 10 00 00 00 00 1c ea 
915 | 00 00 00 08 00 00 00 00 00 00 00 00 00 00 00 00 
916 | 00 00 00 00 00 00 00 00 00 00 00 00 00 00 00 00 
917 | 00 00 00 00 00 00 00 00 00 00 00 00 00 00 00 00 
918 | 00 00 00 00 00 00 00 00 00 00 00 00 00 00 00 00 
919 | 00 00 00 00 00 00 00 00 00 00 00 00 00 00 00 00 
920 | 00 00 00 00 00 00 00 00 00 00 00 00 00 00 00 00 
921 | 00 00 00 00 00 00 00 00 00 00 00 00 00 00 00 00 
922 | 00 00 00 00 00 00 00 00 00 00 00 00 00 00 00 00 
923 | 00 00 00 00 00 00 00 00 00 00 00 00 00 00 00 00 
924 | 00 00 00 00 00 00 00 00 00 00 00 00 00 00 00 00 
925 | 00 00 00 00 00 00 00 00 00 00 00 00 00 00 00 00 
926 | 00 00 00 00 00 00 00 00 00 00 00 00 00 00 00 00 
927 | 00 00 00 00 00 00 00 00 00 00 00 00 00 00 00 00 
928 | 00 00 00 00 00 00 00 00 00 00 00 00 00 00 00 00 
929 | 00 00 00 00 00 00 00 00 00 00 00 00 00 00 00 00 
930 | 00 00 00 00 00 00 00 00 00 00 00 00 00 00 00 00 
931 | 00 00 00 00 00 00 00 00 00 00 00 00 00 00 00 00 
932 | 00 00 00 00 00 00 00 00 00 00 00 00 00 00 00 00 
933 | 00 00 00 00 00 00 00 00 00 00 00 00 00 00 00 00 
934 | 00 00 00 00 00 00 00 00 00 00 00 00 00 00 00 00 
935 | 00 00 00 00 00 00 00 00 00 00 00 00 00 00 00 00 
936 | 00 00 00 00 00 00 00 00 00 00 00 00 00 00 00 00 
937 | 00 00 00 00 00 00 00 00 00 00 00 00 00 00 00 00 
938 | 00 00 00 00 00 00 00 00 00 00 00 00 00 00 00 00 
939 | 00 00 00 00 00 00 00 00 00 00 00 00 00 00 00 00 
940 | 00 00 00 00 00 00 00 00 00 00 00 00 00 00 00 00 
941 | 00 00 00 00 00 00 00 00 00 00 00 00 00 00 00 00 
942 | 00 00 00 00 00 00 00 00 00 00 00 00 00 00 00 00 
943 | 00 00 00 00 00 00 00 00 00 00 00 00 00 00 00 00 
944 | 00 00 00 00 00 00 00 00 00 00 00 00 00 00 00 00 
945 | 00 00 00 00 00 00 00 00 00 00 00 00 00 00 00 00 
946 | 00 00 00 00 00 00 00 00 00 00 00 00 00 00 00 00 
947 | 00 00 00 00 00 00 00 00 00 00 00 00 00 00 00 00 
948 | 00 00 00 00 00 00 00 00 00 00 00 00 00 00 00 00 
949 | 00 00 00 00 00 00 00 00 00 00 00 00 00 00 00 00 
950 | 00 00 00 00 00 00 00 00 00 00 00 00 00 00 00 00 
951 | 00 00 00 00 00 00 00 00 00 00 00 00 00 00 00 00 
952 | 00 00 00 00 00 00 00 00 00 00 00 00 00 00 00 00 
953 | 00 00 00 00 00 00 00 00 00 00 00 00 00 00 00 00 
954 | 00 00 00 00 00 00 00 00 00 00 00 00 00 00 00 00 
955 | 00 00 00 00 00 00 00 00 00 00 00 00 00 00 00 00 
956 | 00 00 00 00 00 00 00 00 00 00 00 00 00 00 00 00 
957 | 00 00 00 00 00 00 00 00 00 00 00 00 00 00 00 00 
958 | 00 00 00 00 00 00 00 00 00 00 00 00 00 00 00 00 
959 | 00 00 00 00 00 00 00 00 00 00 00 00 00 00 00 00 
960 | 00 00 00 00 00 00 00 00 00 00 00 00 00 00 00 00 
961 | 00 00 00 00 00 00 00 00 00 00 00 00 00 00 00 00 
962 | 00 00 00 00 00 00 00 00 00 00 00 00 00 00 00 00 
963 | 00 00 00 00 00 00 00 00 00 00 00 00 00 00 00 00 
964 | 00 00 00 00 00 00 00 00 00 00 00 00 00 00 00 00 
965 | 00 00 00 00 00 00 00 00 00 00 00 00 00 00 00 00 
966 | 00 00 00 00 00 00 00 00 00 00 00 00 00 00 00 00 
967 | 00 00 00 00 00 00 00 00 00 00 00 00 00 00 00 00 
968 | 00 00 00 00 00 00 00 00 00 00 00 00 00 00 00 00 
969 | 00 00 00 00 00 00 00 00 00 00 00 00 00 00 00 00 
970 | 00 00 00 00 00 00 00 00 00 00 00 00 00 00 00 00 
971 | 00 00 00 00 00 00 00 00 00 00 00 00 00 00 00 00 
972 | 00 00 00 00 00 00 00 00 00 00 00 00 00 00 00 00 
973 | 00 00 00 00 00 00 00 00 00 00 00 00 00 00 00 00 
974 | 00 00 00 00 00 00 00 00 00 00 00 00 00 00 00 00 
975 | 00 00 00 00 00 00 00 00 00 00 00 00 00 00 00 00 
976 | 00 00 00 00 00 00 00 00 00 00 00 00 00 00 00 00 
977 | 00 00 00 00 00 00 00 00 00 00 00 00 00 00 00 00 
978 | 00 00 00 00 00 00 00 00 00 00 00 00 00 00 00 00 
979 | 00 00 00 00 00 00 00 00 00 00 00 00 00 00 00 00 
980 | 00 00 00 00 00 00 00 00 00 00 00 00 00 00 00 00 
981 | 00 00 00 00 00 00 00 00 00 00 00 00 00 00 00 00 
982 | 00 00 00 00 00 00 00 00 00 00 00 00 00 00 00 00 
983 | 00 00 00 00 00 00 00 00 00 00 00 00 00 00 00 00 
984 | 00 00 00 00 00 00 00 00 00 00 00 00 00 00 00 00 
985 | 00 00 00 00 00 00 00 00 00 00 00 00 00 00 00 00 
986 | 00 00 00 00 00 00 00 00 00 00 00 00 00 00 00 00 
987 | 00 00 00 00 00 00 00 00 00 00 00 00 00 00 00 00 
988 | 00 00 00 00 00 00 00 00 00 00 00 00 00 00 00 00 
989 | 00 00 00 00 00 00 00 00 00 00 00 00 00 00 00 00 
990 | 00 00 00 00 00 00 00 00 00 00 00 00 00 00 00 00 
991 | 00 00 00 00 00 00 00 00 00 00 00 00 00 00 00 00 
992 | 00 00 00 00 00 00 00 00 00 00 00 00 00 00 00 00 
993 | 00 00 00 00 00 00 00 00 00 00 00 00 00 00 00 00 
994 | 00 00 00 00 00 00 00 00 00 00 00 00 00 00 00 00 
995 | 00 00 00 00 00 00 00 00 00 00 00 00 00 00 00 00 
996 | 00 00 00 00 00 00 00 00 00 00 00 00 00 00 00 00 
997 | 00 00 00 00 00 00 00 00 00 00 00 00 00 00 00 00 
998 | 00 00 00 00 00 00 00 00 00 00 00 00 00 00 00 00 
999 | 00 00 00 00 00 00 00 00 00 00 00 00 00 00 00 00 
1000 | 00 00 00 00 00 00 00 00 00 00 00 00 00 00 00 00 
1001 | 00 00 00 00 00 00 00 00 00 00 00 00 00 00 00 00 
1002 | 00 00 00 00 00 00 00 00 00 00 00 00 00 00 00 00 
1003 | 00 00 00 00 00 00 00 00 00 00 00 00 00 00 00 00 
1004 | 00 00 00 00 00 00 00 00 00 00 00 00 00 00 00 00 
1005 | 00 00 00 00 00 00 00 00 00 00 00 00 00 00 00 00 
1006 | 00 00 00 00 00 00 00 00 00 00 00 00 00 00 00 00 
1007 | 00 00 00 00 00 00 00 00 00 00 00 00 00 00 00 00 
1008 | 00 00 00 00 00 00 00 00 00 00 00 00 00 00 00 00 
1009 | 00 00 00 00 00 00 00 00 00 00 00 00 00 00 00 00 
1010 | 00 00 00 00 00 00 00 00 00 00 00 00 00 00 00 00 
1011 | 00 00 00 00 00 00 00 00 00 00 00 00 00 00 00 00 
1012 | 00 00 00 00 00 00 00 00 00 00 00 00 00 00 00 00 
1013 | 00 00 00 00 00 00 00 00 00 00 00 00 00 00 00 00 
1014 | 00 00 00 00 00 00 00 00 00 00 00 00 00 00 00 00 
1015 | 00 00 00 00 00 00 00 00 00 00 00 00 00 00 00 00 
1016 | 00 00 00 00 00 00 00 00 00 00 00 00 00 00 00 00 
1017 | 00 00 00 00 00 00 00 00 00 00 00 00 00 00 00 00 
1018 | 00 00 00 00 00 00 00 00 00 00 00 00 00 00 00 00 
1019 | 00 00 00 00 00 00 00 00 00 00 00 00 00 00 00 00 
1020 | 00 00 00 00 00 00 00 00 00 00 00 00 00 00 00 00 
1021 | 00 00 00 00 00 00 00 00 00 00 00 00 00 00 00 00 
1022 | 00 00 00 00 00 00 00 00 00 00 00 00 00 00 00 00 
1023 | 00 00 00 00 00 00 00 00 00 00 00 00 00 00 00 00 
1024 | 